valor frente do posage:
0 = nao ok;
1= ok
2 = duvida (repete teste)
pag.99

E;2021/10/12 09:08:49;JT;40;04;270419;1;POSAGE1;1;0;P;GAMME_JT4;JT4;CYCLE_JT4_VibratorioB;Seuil_JT4_v10_546;3;0;OPERAT
#bloco de passagem de mudanças(parametro,limmite min,limite max)(5->6) 7 = marcha atras
M;0;5;6;0;0.206000;;0.500000;(tempo de passagem,valor limite)
M;0;5;6;1;0.000000;;;
M;0;5;6;2;0.000000;;;
M;0;5;6;3;164.956833;;200.000000;(força de sincronismo,limite) limite 500
M;0;5;6;4;7.057778;;15.000000;(impulso de sincronismo,limite maximo)
M;0;5;6;5;0.000000;;;
M;0;5;6;6;3.415164;;;
M;0;5;6;26;-56.809647;;1000.000000;(desacelaraçao, limite maximo)
M;0;5;6;27;16.037302;;;
M;0;5;6;41;2.435346;;;
M;0;5;6;28;0.000000;;;
M;0;5;6;29;5.528193;;;
M;0;5;6;30;8.900627;7.100000;;(curso, valor minimoo)
M;0;5;6;44;3.372434;;;
M;0;5;6;8;0.000000;;;
M;0;5;6;20;76.875183;;;
M;0;5;6;23;0.000000;;;
M;0;5;6;38;-4.460635;;;
M;0;5;6;39;4.240797;;;
M;0;5;6;42;0.088000;;;
M;0;5;6;12;0.064000;;;
M;0;5;6;43;0.054000;;;

#grafico de vibraçao,ensaio 0, mudança,aceleraçao(1, 0 para desac), eixo x,valores(eixo x = ordem 1 = 2500 rotações +/- constante, eixo y = db) 

V;0;6;1;0;0;0;256;-16.98;-3.45;-1.61;-3.32;-5.43;-7.62;-10.07;-9.38;-8.65;-8.55;-12.68;-14.86;-15.96;-17.97;-10.62;-11.72;-16.46;-18.41;-13.97;-12.82;-12.46;-6.51;-6.82;-12.75;-11.11;-8.65;-6.10;-6.64;-6.01;-1.81;0.30;-3.59;-4.73;-1.73;-0.09;-2.46;1.55;4.10;4.45;1.05;9.28;8.41;5.67;8.39;15.53;13.32;7.62;12.54;12.43;16.20;14.57;13.93;14.55;17.90;16.60;12.73;12.00;10.68;11.65;9.32;13.54;11.49;7.11;3.27;2.48;0.14;1.40;3.98;3.66;0.90;1.94;5.58;5.07;3.88;4.24;9.28;8.96;11.52;12.33;12.51;10.62;6.88;6.19;12.18;23.17;26.05;19.38;13.76;13.21;11.63;4.98;7.71;9.28;2.95;3.77;6.47;7.48;1.72;1.56;4.83;3.58;2.07;3.01;2.96;2.79;0.41;-2.82;-4.76;-0.38;-2.72;-6.51;-2.75;-0.01;-1.89;-2.42;-4.97;-8.29;-6.30;-6.47;-2.62;0.85;-2.64;-2.18;-3.39;-4.79;-4.78;-4.62;-3.17;-2.98;-2.67;-2.68;-4.48;-4.09;-3.63;-1.81;-0.68;-4.98;-8.57;-6.04;-4.71;-2.78;-6.47;-10.74;-7.72;-6.02;-10.13;-9.09;-8.61;-11.31;-11.92;-10.64;-8.79;-8.58;-13.03;-9.16;-7.72;-8.44;-9.21;-6.11;-5.83;-8.42;-10.36;-8.39;-2.18;-1.81;-6.56;-3.70;-3.67;2.44;2.39;4.43;3.55;-2.86;-13.06;-8.84;-8.72;-11.65;-7.57;-5.48;-10.44;-16.36;-16.08;-14.96;-14.30;-10.02;-4.03;-3.64;-5.56;-5.12;-5.92;-9.73;-11.47;-11.76;-13.15;-15.08;-14.57;-8.84;-8.84;-11.22;-14.66;-18.29;-20.17;-16.45;-16.19;-11.92;-13.38;-14.18;-15.55;-17.14;-17.29;-12.03;-12.37;-15.33;-9.98;-8.32;-11.07;-11.57;-12.15;-16.84;-11.91;-10.41;-11.44;-12.52;-10.82;-9.47;-7.52;-7.67;-9.48;-13.11;-18.23;-13.27;-10.34;-13.89;-11.99;-13.59;-14.10;-14.29;-11.59;-9.96;-11.48;-16.21;-12.65;-10.26;-10.14;-11.52;-9.16;-14.74;-15.97;-19.51;-15.24;-11.85;-14.24;-11.62;-13.22;-11.10;-8.96;-9.14;-11.08;-12.26;-16.97;-21.72;-19.91;-17.10;-16.13;-16.56;-17.10;-18.08;-17.97;-17.68;-22.64;-24.07;-17.61;-17.89;-20.51;-22.56;-21.99;-18.96;-20.07;-27.81;-25.29;-21.01;-21.10;-19.00;-17.04;-17.47;-19.56;-18.74;-18.57;-23.42;-21.98;-23.14;-19.95;-20.59;-22.72;-27.20;-21.33;-22.72;-28.05;-24.45;-23.33;-23.12;-22.09;-26.26;-27.80;-25.40;-25.06;-21.51;-21.02;-24.48;-25.16;-25.93;-27.60;-28.09;-28.83;-26.98;-24.90;-22.76;-25.70;-27.14;-27.35;-24.96;-26.46;-31.07;-24.47;-23.04;-27.14;-25.11;-24.21;-28.26;-28.10;-30.01;-33.75;-32.24;-30.43;-28.18;-26.61;-22.65;-19.50;-17.85;-20.25;-23.29;-23.93;-22.62;-25.79;-29.41;-27.37;-30.68;-27.64;-27.22;-29.43;-31.96;-29.43;-32.39;-37.12;-30.86;-28.62;-30.80;-31.99;-32.40;-33.15;-27.21;-25.12;-31.29;-30.74;-28.59;-30.08;-26.69;-24.51;-25.79;-24.54;-25.94;-28.37;-29.83;-34.52;-33.79;-28.48;-30.52;-33.18;-32.39;-33.57;-30.43;-23.95;-25.96;-28.56;-27.92;-28.75;-27.83;-28.94;-30.03;-30.26;-30.30;-28.02;-28.25;-29.82;-32.94;-31.58;-31.06;-28.70;-29.49;-29.66;-34.98;-33.18;-31.97;-32.38;-30.24;-33.19;-36.09;-34.69;-36.58;-35.68;-39.26;-41.71;-36.01;-30.28;-26.72;-31.49;-37.63;-33.35;-32.82;-34.73;-30.02;-30.06;-27.92;-30.16;-29.64;-31.03;-31.02;-30.81;-37.74;-41.63;-40.95;-36.03;-35.20;-38.72;-39.88;-43.69;-48.16;-42.94;-43.38;-39.51;-36.06;-38.45;-42.25;-44.73;-45.05;-45.92;-43.38;-45.88;-43.31;-42.32;-43.84;-43.14;-41.16;-38.57;-40.81;-43.61;-38.31;-40.74;-41.32;-39.64;-42.35;-48.07;-39.92;-37.06;-36.10;-35.38;-35.00;-36.78;-36.14;-38.67;-39.39;-38.37;-38.43;-35.63;-36.77;-39.21;-38.82;-34.38;-32.45;-33.65;-34.33;-37.09;-37.13;-35.73;-38.58;-37.57;-39.37;-44.90;-40.50;-41.72;-41.01;-43.61;-44.05;-45.76;-42.84;-41.03;-45.27;-47.02;-46.43;-43.31;-43.80;-45.63;-40.89;-41.83;-44.87;-41.58;-41.78;-40.49;-42.58;-46.47;-46.11;-47.59

#f0 = vibração medida sobre carga,110 = valor medio?,n dentes, db(valor relativo*),
FO;0;6;1;110;43;26.047886;0.000000;;H1
FO;0;6;1;110;86.000000;4.431927;;;H2
FO;0;6;1;110;129.000000;-8.960241;;;H3

FO;0;6;1;110;22.241379;16.201071;;;P1 (p = diferencial)
FO;0;6;1;110;44.482758;26.047886;;;P2

####----105,106,107
F;0;6;1;105;2.81046;;8;#KURTOSIS
F;0;6;1;106;1.08165;;3.1;#FDS
F;0;6;1;107;0.151322;;2.2;#CEPSTRUM


F;0;6;1;102;0;;;
F;0;6;1;104;0;;;
F;0;6;1;112;0;;;
F;0;6;1;113;0;;;
#ratio da caixa que está a ser testada
R;0;6;1;33;0.383318;;;
V;0;6;0;0;0;0;256;-20.07;-6.22;-5.58;-7.57;-10.72;-12.79;-10.53;-9.75;-9.25;-11.48;-12.09;-13.94;-16.02;-15.30;-15.90;-16.08;-17.24;-20.54;-16.29;-8.89;-5.30;-9.85;-6.70;-3.22;-2.37;-1.56;-6.13;-4.60;-4.31;0.93;-0.33;-4.28;-7.21;-7.76;-4.88;-2.78;-4.77;-5.57;-5.20;-0.05;2.70;3.13;4.33;7.05;14.73;13.52;5.77;5.59;6.56;8.81;16.49;16.45;15.26;19.64;14.37;14.86;12.96;13.12;13.15;9.08;9.28;5.42;7.76;8.42;8.06;6.23;9.55;6.09;6.04;4.79;1.59;1.32;4.07;5.02;0.51;4.43;9.05;4.92;6.08;10.98;10.41;13.85;12.58;13.78;11.01;18.46;24.79;20.28;14.17;9.92;6.98;4.98;2.78;2.21;0.58;-1.34;-1.82;-1.72;-5.45;0.94;3.33;1.67;3.60;6.37;5.97;0.47;1.05;-1.55;0.67;1.70;-0.47;-2.85;-2.08;-3.79;-7.56;-5.13;-1.37;-5.38;-9.44;-5.61;-0.69;-0.64;0.73;-2.61;0.11;0.27;-4.26;-1.95;-0.77;-2.71;-2.93;-6.41;-7.33;-4.97;-1.07;-3.70;-6.83;-8.20;1.05;-0.61;-4.32;-5.37;-8.24;-12.02;-5.42;-8.50;-12.49;-9.25;-9.67;-10.08;-10.03;-8.22;-10.78;-11.88;-13.62;-16.14;-14.13;-9.72;-11.80;-10.96;-7.87;-6.98;-7.56;-8.34;-7.64;-6.95;-10.47;-14.31;-7.61;-6.70;-8.73;-10.49;-7.79;-7.92;-5.93;-5.94;-7.74;-8.44;-6.18;-5.49;-8.44;-5.23;-8.04;-8.24;-14.84;-13.84;-9.99;-7.66;-11.94;-11.38;-6.80;-11.57;-13.95;-12.35;-10.48;-14.14;-18.85;-20.26;-14.77;-16.09;-17.83;-16.45;-12.81;-12.88;-15.76;-13.98;-15.13;-20.50;-21.50;-20.24;-21.08;-20.91;-19.10;-23.30;-27.93;-20.98;-19.14;-20.21;-20.77;-19.26;-20.36;-17.47;-19.41;-17.72;-21.84;-20.36;-20.70;-22.41;-21.11;-18.80;-19.26;-22.88;-21.40;-25.80;-26.67;-26.47;-22.51;-24.78;-23.77;-24.45;-22.77;-23.46;-20.58;-25.14;-21.05;-20.37;-25.40;-25.01;-18.64;-15.85;-16.61;-17.91;-20.68;-20.21;-17.78;-21.04;-21.22;-17.01;-7.96;-3.87;-8.19;-13.54;-17.43;-18.40;-9.28;-10.83;-15.76;-16.41;-19.62;-17.08;-13.42;-17.67;-18.67;-16.69;-15.39;-17.10;-15.74;-11.82;-14.92;-21.10;-23.02;-21.31;-15.36;-18.15;-17.62;-12.63;-14.38;-16.35;-14.25;-17.77;-16.68;-15.79;-19.52;-21.28;-19.84;-19.51;-24.60;-35.13;-31.41;-23.25;-24.46;-26.20;-24.26;-20.02;-25.20;-30.35;-24.86;-24.60;-24.76;-25.61;-27.80;-25.27;-25.69;-26.16;-24.13;-22.97;-23.41;-23.53;-26.29;-22.36;-22.63;-22.55;-20.98;-22.60;-22.51;-21.88;-22.84;-23.90;-22.23;-22.62;-23.06;-24.02;-22.99;-25.33;-23.79;-21.15;-24.02;-28.35;-27.26;-26.03;-27.84;-30.34;-28.94;-30.88;-33.91;-27.82;-28.69;-34.84;-37.17;-32.24;-29.53;-24.23;-24.69;-26.69;-30.63;-31.44;-34.17;-32.44;-30.60;-31.49;-33.02;-31.53;-29.13;-30.46;-31.59;-32.06;-34.15;-36.65;-36.79;-38.27;-36.49;-32.16;-28.96;-29.05;-28.33;-29.56;-31.32;-34.97;-31.09;-31.99;-36.97;-37.17;-35.00;-38.83;-34.20;-35.44;-32.25;-31.25;-27.46;-27.35;-32.30;-41.35;-41.77;-38.90;-36.58;-39.11;-36.42;-34.01;-35.02;-39.59;-34.16;-34.54;-38.74;-37.10;-40.48;-36.62;-29.29;-28.34;-31.85;-33.08;-32.50;-36.24;-33.55;-33.45;-35.65;-32.41;-36.24;-37.59;-32.25;-33.84;-35.30;-34.21;-30.63;-35.89;-34.98;-31.10;-34.12;-32.47;-36.58;-38.13;-40.44;-40.78;-44.89;-44.57;-41.67;-40.15;-41.66;-38.00;-41.72;-42.42;-39.50;-36.96;-40.31;-40.25;-40.74;-44.87;-41.11;-38.71;-40.07;-39.32;-37.16;-34.78;-36.04;-33.92;-37.34;-39.59;-39.99;-36.87;-37.27;-37.30;-29.77;-29.90;-35.35;-38.16;-39.92;-40.61;-37.00;-39.90;-34.84;-35.43;-42.00;-40.02;-40.31;-37.87;-41.41;-42.53;-41.94;-39.83;-39.09;-40.64;-43.20;-42.40;-45.34;-45.94;-43.27;-44.02;-44.73;-40.17;-42.87;-44.71;-43.06;-42.96;-42.84;-44.47;-48.88;-47.69;-42.82;-41.47;-45.38;-49.97;-46.15;-41.75;-45.12;-52.75;-50.17;-47.46;-48.43;-45.77;-45.08;-43.58;-45.90;-46.88
FO;0;6;0;110;43;24.785591;;;H1
FO;0;6;0;110;86.000000;-5.489700;;;H2
FO;0;6;0;110;129.000000;-3.866455;;;H3
FO;0;6;0;110;22.241379;16.488621;;;P1
FO;0;6;0;110;44.482758;24.785591;;;P2
F;0;6;0;105;2.87086;;8.4;
F;0;6;0;106;0.96908;;2.4;
F;0;6;0;107;0.129916;;1.2;
F;0;6;0;102;0;;;
F;0;6;0;104;0;;;
F;0;6;0;112;0;;;
F;0;6;0;113;0;;;
#6 -> 5
M;0;6;5;0;0.298000;;0.500000;
M;0;6;5;1;128.776703;;;
M;0;6;5;2;7.323542;;;
M;0;6;5;3;113.437088;;200.000000;
M;0;6;5;4;9.166857;;15.000000;
M;0;6;5;5;1.135226;;;
M;0;6;5;6;3.346709;;;
M;0;6;5;26;-10.574341;;;
M;0;6;5;27;21.496973;;;
M;0;6;5;41;3.403695;;;
M;0;6;5;28;0.000000;;;
M;0;6;5;29;7.692419;;;
M;0;6;5;30;8.806290;;;
M;0;6;5;44;1.113871;;;
M;0;6;5;8;0.798915;;;
M;0;6;5;20;57.204239;;;
M;0;6;5;23;0.000000;;;
M;0;6;5;38;2.587974;;;
M;0;6;5;39;3.139254;;;
M;0;6;5;42;0.150000;;;
M;0;6;5;12;0.114000;;;
M;0;6;5;43;0.034000;;;
V;0;5;1;0;0;0;256;-15.71;-8.43;-7.83;-6.95;-4.66;-7.21;-9.58;-11.32;-10.90;-9.61;-11.02;-10.31;-12.39;-13.37;-10.20;-11.46;-18.10;-18.33;-14.38;-12.05;-11.09;-9.34;-9.43;-10.66;-11.69;-10.13;-4.99;-3.26;-4.32;-10.65;-11.06;-7.80;-4.82;-4.19;3.00;7.41;2.12;-2.37;-1.74;4.18;2.46;3.91;4.08;2.71;9.39;10.29;11.56;10.90;10.79;16.18;14.61;11.86;11.96;14.77;12.63;7.89;11.57;7.22;11.05;13.60;10.89;9.71;5.26;5.87;-0.75;1.31;1.82;0.12;0.14;7.08;8.78;2.79;1.00;-1.48;1.05;4.34;4.64;11.10;13.84;15.06;12.96;15.23;12.78;9.37;6.39;8.54;10.06;8.07;7.93;2.09;1.67;0.82;1.59;3.23;-1.06;-0.54;-0.74;0.71;2.34;2.71;0.03;-1.04;-5.89;-1.16;-3.82;-0.14;-0.74;-4.18;-5.75;-5.05;-2.20;2.07;-0.50;-0.33;-5.07;-4.04;-4.20;-5.05;-5.48;-3.95;-6.65;-7.07;-8.57;-10.00;-9.93;-11.70;-5.09;-2.27;-7.01;-6.70;-1.59;-4.62;-3.74;-1.10;-1.61;1.57;-3.82;-4.40;-8.07;-10.48;-6.73;-8.80;-13.87;-14.57;-13.74;-10.47;-10.15;-12.30;-11.80;-9.18;-11.95;-8.69;-10.66;-9.80;-12.82;-11.92;-5.31;-7.51;-13.27;-10.49;-11.39;-7.09;-5.27;-10.81;-14.29;-9.59;-12.11;-15.55;-16.20;-15.48;-16.38;-12.09;-14.29;-15.90;-12.73;-12.45;-13.88;-16.51;-14.51;-12.33;-12.65;-8.47;-7.68;-8.36;-10.53;-9.68;-11.23;-10.38;-8.40;-12.66;-8.92;-8.54;-9.39;-10.57;-11.37;-12.74;-16.55;-10.87;-13.78;-19.01;-18.44;-17.59;-19.14;-22.45;-16.98;-17.99;-20.35;-15.05;-12.93;-14.82;-18.73;-16.25;-15.31;-16.54;-19.24;-13.90;-13.99;-18.22;-16.16;-14.37;-16.75;-16.98;-15.23;-14.92;-15.74;-15.11;-16.55;-17.26;-12.91;-11.54;-14.07;-16.93;-13.47;-13.34;-13.05;-15.18;-16.40;-18.26;-17.86;-19.30;-15.87;-12.67;-15.05;-11.02;-7.58;-9.35;-13.07;-10.73;-15.09;-15.99;-14.86;-14.99;-19.65;-23.71;-26.45;-18.23;-16.58;-21.82;-25.60;-26.43;-21.96;-19.99;-19.58;-18.17;-23.38;-23.37;-26.65;-24.01;-24.70;-26.57;-25.71;-26.40;-18.89;-18.51;-22.46;-20.93;-20.73;-21.72;-23.32;-26.17;-22.84;-22.08;-24.82;-25.89;-22.72;-23.74;-28.71;-24.77;-24.21;-24.29;-27.24;-26.63;-25.84;-29.22;-31.66;-27.54;-27.71;-28.18;-27.20;-27.25;-27.02;-26.13;-23.47;-24.36;-26.18;-29.12;-34.12;-38.11;-33.73;-30.39;-31.40;-29.05;-27.14;-25.62;-26.14;-27.60;-26.44;-25.00;-28.07;-28.43;-29.45;-24.85;-25.75;-28.86;-28.10;-22.82;-25.79;-24.65;-25.54;-28.98;-27.55;-30.86;-28.64;-30.18;-32.74;-32.38;-30.17;-31.20;-31.05;-29.07;-30.19;-29.83;-30.68;-29.73;-30.43;-29.09;-27.84;-25.17;-26.74;-27.45;-27.93;-28.47;-28.58;-26.58;-25.94;-28.35;-26.33;-25.56;-28.09;-27.29;-29.77;-29.75;-30.35;-31.39;-33.86;-31.02;-30.76;-34.25;-37.94;-33.52;-29.96;-32.41;-35.66;-32.95;-35.32;-34.73;-32.90;-28.05;-31.77;-31.43;-30.76;-35.13;-34.89;-35.62;-34.22;-31.66;-27.88;-27.05;-29.85;-35.66;-36.07;-33.91;-31.44;-28.52;-30.75;-30.95;-31.33;-32.75;-31.80;-31.64;-39.18;-44.88;-45.98;-42.37;-38.39;-34.38;-35.88;-37.56;-35.10;-36.34;-45.79;-45.21;-42.99;-38.08;-38.28;-40.99;-43.04;-46.65;-41.74;-40.41;-48.01;-44.90;-43.91;-41.01;-43.28;-43.92;-45.89;-41.21;-39.09;-47.48;-45.83;-44.46;-44.03;-39.78;-41.47;-43.37;-42.60;-44.24;-44.59;-42.04;-41.09;-45.29;-45.64;-43.43;-46.04;-48.08;-48.31;-47.54;-41.29;-41.17;-45.23;-50.72;-45.63;-42.38;-41.73;-46.73;-47.42;-46.81;-45.56;-42.26;-43.22;-42.93;-42.30;-44.68;-55.04;-49.44;-46.11;-47.40;-46.58;-50.21;-45.90;-48.36;-46.78;-52.40;-48.81;-49.44;-49.63;-45.82;-46.29;-52.14;-53.60;-48.49;-42.78;-43.23;-46.74;-47.58;-49.07;-49.36;-50.72;-48.51;-51.06;-57.60;-57.06;-48.50;-46.23;-47.11;-47.36;-49.31;-49.65;-48.67;-50.61;-51.19;-53.88;-54.25;-51.45;-48.85;-48.08;-48.19;-48.17;-49.10;-52.95;-49.45
FO;0;5;1;110;41;15.233414;;;H1
FO;0;5;1;110;17.571428;7.406365;;;P1
F;0;5;1;105;3.34584;;8.7;
F;0;5;1;106;0.860754;;1.9;
F;0;5;1;107;0.042976;;0.5;
F;0;5;1;102;0;;;
F;0;5;1;104;0;;;
F;0;5;1;112;0;;;
F;0;5;1;113;0;;;
R;0;5;1;33;0.303624;;;
V;0;5;0;0;0;0;256;-18.43;-10.30;-13.95;-13.25;-10.13;-11.41;-11.64;-14.09;-14.06;-15.96;-17.51;-17.38;-19.50;-20.27;-18.21;-20.20;-18.97;-16.66;-18.03;-18.05;-14.97;-14.34;-8.42;-9.41;-10.54;-13.28;-8.44;-10.92;-5.23;-3.51;-10.89;-11.71;-6.47;-5.97;-8.99;0.52;3.94;-0.70;-3.69;-6.79;-8.39;-3.26;-0.33;-1.43;-4.33;-2.13;0.87;2.96;4.30;3.50;9.55;8.91;2.32;2.41;9.60;12.28;13.95;10.85;9.81;10.06;12.51;10.80;9.38;6.79;1.97;-2.50;0.61;-2.72;1.53;-2.16;-3.12;2.95;2.98;-0.62;-4.98;0.07;1.90;5.76;6.59;0.93;2.58;6.16;9.76;10.96;10.55;7.75;0.87;4.62;3.07;-4.01;-0.19;3.14;1.63;0.65;-0.38;-1.87;-0.88;-0.56;-1.20;-0.48;0.97;3.01;3.68;3.14;2.88;1.49;-0.61;-2.41;-5.69;-1.38;0.94;0.88;-0.28;-2.04;-3.07;-7.54;-9.88;-6.52;-4.73;0.04;-0.91;-7.17;-9.16;-12.19;-13.35;-2.37;1.54;-1.10;-7.00;-9.83;-11.05;-3.77;-0.55;-2.75;-6.53;-9.60;-8.80;-1.51;-4.25;-5.18;-10.17;-14.81;-4.99;-5.14;-9.29;-6.89;-7.74;-7.63;-8.13;-6.42;-7.74;-9.35;-11.00;-11.56;-10.49;-11.06;-11.01;-12.98;-10.09;-10.29;-11.41;-12.76;-9.72;-5.90;-7.55;-1.08;-0.89;-2.63;-7.36;-12.17;-11.18;-9.80;-11.39;-11.59;-13.65;-13.29;-15.36;-13.06;-12.71;-13.36;-13.82;-19.08;-19.26;-15.03;-13.86;-11.65;-12.22;-11.95;-13.10;-11.76;-11.78;-13.65;-14.50;-13.08;-13.34;-14.41;-17.64;-15.38;-18.53;-14.84;-15.39;-16.24;-17.01;-18.16;-16.94;-17.98;-20.15;-18.12;-16.81;-18.01;-19.39;-24.36;-22.42;-21.66;-21.53;-22.55;-21.10;-18.26;-19.16;-13.50;-11.37;-11.08;-12.51;-16.69;-23.56;-23.17;-18.01;-21.72;-26.74;-26.21;-28.49;-21.76;-19.49;-24.30;-21.84;-17.13;-17.33;-17.58;-16.34;-15.77;-12.40;-17.34;-22.77;-16.65;-15.70;-15.01;-15.78;-8.22;-4.96;-7.37;-6.65;-5.08;-9.74;-16.34;-20.25;-26.94;-29.43;-23.43;-18.87;-18.50;-17.83;-16.75;-19.42;-19.52;-21.04;-20.78;-23.34;-30.50;-23.66;-19.06;-17.49;-21.21;-22.94;-25.24;-22.48;-18.98;-18.99;-18.04;-18.35;-16.57;-18.61;-18.94;-22.13;-20.22;-16.75;-23.05;-23.68;-16.05;-15.26;-20.94;-21.39;-21.71;-23.95;-26.27;-23.01;-19.72;-22.31;-21.53;-19.84;-20.59;-21.27;-23.55;-25.11;-25.59;-24.70;-26.53;-27.64;-28.95;-22.19;-24.21;-26.54;-24.16;-24.69;-25.81;-24.76;-25.59;-27.04;-26.80;-25.45;-24.65;-27.86;-28.62;-25.48;-22.69;-26.91;-25.21;-24.07;-23.65;-27.63;-32.46;-23.78;-20.21;-20.37;-24.55;-33.07;-34.04;-32.64;-31.79;-30.37;-30.68;-31.77;-27.56;-29.70;-26.05;-27.38;-28.97;-30.23;-31.92;-29.86;-28.81;-30.30;-38.39;-31.99;-30.44;-35.76;-34.07;-29.03;-28.34;-26.32;-25.21;-26.84;-25.88;-27.02;-26.74;-26.64;-27.24;-30.50;-30.19;-32.40;-35.92;-34.67;-30.73;-29.74;-28.42;-31.69;-32.16;-28.19;-26.70;-31.73;-29.47;-29.89;-29.15;-37.81;-31.74;-29.03;-27.96;-26.80;-28.58;-35.59;-27.87;-28.53;-35.56;-32.14;-34.42;-30.78;-28.81;-33.58;-31.49;-33.00;-31.73;-30.72;-31.26;-31.21;-26.27;-27.52;-31.14;-27.39;-25.75;-24.81;-28.13;-29.33;-29.69;-30.99;-33.73;-34.17;-34.54;-35.66;-36.92;-37.66;-41.18;-37.16;-33.12;-36.25;-35.91;-34.03;-40.99;-38.34;-34.78;-35.68;-35.71;-40.73;-38.96;-38.70;-40.88;-37.41;-37.35;-35.10;-38.89;-42.24;-43.55;-42.45;-41.58;-42.38;-46.77;-42.60;-40.07;-44.56;-44.00;-41.63;-37.63;-40.22;-50.04;-43.78;-42.78;-44.17;-42.43;-43.05;-43.74;-43.26;-46.30;-48.34;-46.46;-44.95;-45.48;-46.13;-42.59;-38.70;-42.99;-42.96;-46.32;-41.55;-44.96;-43.06;-41.71;-47.81;-49.59;-45.94;-42.39;-43.13;-46.95;-43.34;-45.15;-41.45;-40.83;-48.21;-44.85;-43.40;-46.78;-46.94;-47.43;-50.60;-48.34;-52.17;-48.34;-49.63;-49.67;-45.40;-42.92;-46.68;-51.63;-47.65;-42.10;-42.12;-43.03;-49.20;-47.60;-48.93;-50.40;-51.08;-52.43;-47.21;-49.10
FO;0;5;0;110;41;10.957604;;;H1
FO;0;5;0;110;17.571428;3.939966;;;P1
F;0;5;0;105;2.64973;;10.1;
F;0;5;0;106;0.551776;;1.8;
F;0;5;0;107;0.0310109;;0.5;
F;0;5;0;102;0;;;
F;0;5;0;104;0;;;
F;0;5;0;112;0;;;
F;0;5;0;113;0;;;
M;0;5;4;0;0.314000;;0.500000;
M;0;5;4;1;220.652969;;;
M;0;5;4;2;12.613300;;;
M;0;5;4;3;173.352219;;170.000000;
M;0;5;4;4;10.579789;;14.000000;
M;0;5;4;5;1.272859;;;
M;0;5;4;6;8.051879;;;
M;0;5;4;26;158.050537;;300.000000;
M;0;5;4;27;29.948259;;;
M;0;5;4;41;3.164067;;;
M;0;5;4;28;0.000000;;;
M;0;5;4;29;5.775087;;;
M;0;5;4;30;7.968257;6.000000;;
M;0;5;4;44;2.193171;;;
M;0;5;4;8;1.192207;;;
M;0;5;4;20;67.496994;;;
M;0;5;4;23;0.000000;;;
M;0;5;4;38;-2.124670;;;
M;0;5;4;39;3.373557;;;
M;0;5;4;42;0.124000;;;
M;0;5;4;12;0.116000;;;
M;0;5;4;43;0.074000;;;
M;1;5;4;0;0.252000;;0.500000;
M;1;5;4;1;0.000000;;;
M;1;5;4;2;0.000000;;;
M;1;5;4;3;136.177353;;170.000000;
M;1;5;4;4;7.538007;;14.000000;
M;1;5;4;5;0.000000;;;
M;1;5;4;6;8.630342;;;
M;1;5;4;26;-63.274036;;300.000000;
M;1;5;4;27;13.336451;;;
M;1;5;4;41;2.998200;;;
M;1;5;4;28;0.000000;;;
M;1;5;4;29;5.454165;;;
M;1;5;4;30;8.117461;6.000000;;
M;1;5;4;44;2.663297;;;
M;1;5;4;8;0.000000;;;
M;1;5;4;20;58.582253;;;
M;1;5;4;23;0.000000;;;
M;1;5;4;38;-4.817332;;;
M;1;5;4;39;3.654030;;;
M;1;5;4;42;0.058000;;;
M;1;5;4;12;0.106000;;;
M;1;5;4;43;0.088000;;;
V;0;4;1;0;0;0;256;-16.54;-8.80;-7.54;-9.62;-10.18;-15.82;-14.93;-11.54;-10.73;-13.92;-15.84;-22.80;-24.06;-17.66;-15.42;-21.12;-20.41;-17.75;-14.33;-14.40;-11.77;-10.18;-5.24;-4.64;-7.74;-6.44;5.03;5.37;-1.11;-7.54;-14.04;-8.03;-5.91;-1.96;-1.59;-7.12;-14.33;-10.37;-6.53;-3.73;-4.24;-2.30;-0.67;0.96;1.05;0.55;1.44;1.25;6.11;5.19;9.51;12.14;9.05;10.25;12.31;9.37;0.04;-3.92;2.78;4.19;3.85;5.33;5.06;-2.01;-0.65;-1.80;-7.90;-7.92;2.73;7.05;3.28;-0.48;-0.68;-1.21;2.04;-0.14;2.52;2.05;0.83;-2.16;-5.21;-1.61;-3.55;-6.83;-0.29;-0.04;0.06;-4.79;-3.32;-1.77;-3.91;-2.30;2.47;2.16;1.44;5.01;1.38;-2.70;-5.75;-0.25;0.38;-5.94;-1.56;-2.47;-6.28;-4.90;-2.33;-9.00;-11.41;-9.95;-6.95;-8.13;-7.84;-9.49;-13.26;-10.01;-9.41;-12.79;-10.67;-12.70;-14.15;-13.35;-7.93;-12.17;-12.74;-16.11;-10.01;-9.08;-14.40;-16.21;-12.82;-9.04;-13.34;-10.68;-10.86;-13.90;-15.06;-13.12;-8.38;-10.33;-17.05;-17.86;-17.47;-18.61;-15.73;-16.86;-15.52;-13.11;-13.24;-13.02;-16.97;-16.73;-12.14;-12.77;-14.01;-16.12;-16.02;-14.11;-13.74;-15.74;-17.58;-15.97;-14.49;-13.80;-17.95;-16.73;-17.96;-21.98;-23.50;-20.64;-17.91;-17.90;-20.54;-21.00;-20.22;-22.88;-24.83;-20.64;-17.14;-19.18;-21.54;-20.75;-16.61;-14.31;-14.88;-16.23;-19.90;-20.39;-19.22;-16.53;-18.85;-19.61;-20.10;-15.86;-20.62;-22.60;-22.41;-25.87;-27.71;-22.32;-21.36;-26.26;-24.49;-25.20;-26.12;-22.39;-15.35;-14.23;-16.12;-16.04;-20.13;-21.78;-18.57;-18.86;-26.27;-24.20;-23.14;-24.44;-26.39;-22.43;-18.02;-22.22;-23.72;-25.87;-28.96;-22.42;-21.38;-26.76;-19.67;-19.61;-27.13;-24.78;-25.29;-27.89;-24.19;-22.60;-26.93;-28.65;-28.44;-21.64;-23.03;-25.56;-23.85;-23.49;-25.06;-22.64;-20.66;-23.37;-25.27;-24.76;-26.84;-28.08;-29.14;-27.31;-22.35;-22.56;-26.20;-25.32;-21.26;-21.80;-28.92;-27.38;-24.46;-25.03;-28.24;-29.69;-26.94;-28.22;-31.41;-29.39;-28.27;-24.25;-25.70;-26.54;-24.19;-23.47;-22.82;-21.87;-18.76;-17.83;-21.64;-28.82;-29.96;-28.62;-31.46;-29.42;-32.73;-29.74;-30.93;-31.78;-29.80;-38.80;-37.68;-34.01;-33.20;-27.60;-26.62;-29.23;-34.96;-37.10;-34.87;-34.38;-35.15;-36.52;-34.01;-32.22;-33.45;-37.36;-36.13;-32.42;-33.21;-35.76;-33.90;-33.12;-34.90;-36.17;-37.69;-33.58;-35.37;-37.30;-33.37;-32.30;-34.99;-35.98;-37.71;-36.75;-34.20;-37.08;-38.02;-40.01;-39.05;-40.89;-44.84;-40.24;-40.46;-42.04;-42.09;-38.60;-41.36;-40.55;-39.66;-40.31;-41.83;-40.50;-35.57;-35.20;-41.78;-43.90;-40.74;-36.89;-35.81;-36.75;-37.72;-43.65;-41.77;-38.07;-35.32;-35.39;-36.37;-40.76;-38.76;-38.71;-37.74;-40.32;-39.16;-44.23;-46.65;-45.98;-40.09;-39.27;-38.82;-43.62;-39.21;-38.78;-35.39;-34.99;-37.93;-40.06;-39.36;-42.14;-39.39;-39.08;-43.14;-41.64;-40.05;-37.83;-36.48;-41.42;-41.15;-42.10;-38.40;-35.41;-36.38;-39.45;-39.23;-36.37;-41.88;-48.75;-40.18;-37.51;-40.02;-43.11;-41.80;-40.41;-41.28;-47.54;-54.51;-46.03;-42.03;-44.62;-44.34;-42.37;-41.34;-40.70;-44.75;-44.35;-45.36;-46.91;-48.31;-48.35;-49.54;-47.27;-45.08;-46.96;-51.44;-53.56;-46.58;-47.25;-52.89;-47.20;-45.68;-45.42;-44.57;-49.77;-50.03;-49.86;-48.89;-49.16;-44.99;-46.15;-48.05;-51.15;-49.87;-46.20;-49.89;-54.64;-49.13;-49.83;-55.95;-50.44;-46.02;-49.49;-47.83;-49.22;-52.57;-47.69;-50.93;-51.14;-47.16;-49.27;-49.20;-49.78;-52.13;-48.61;-43.62;-46.31;-47.80;-49.12;-49.99;-51.53;-51.19;-54.24;-58.40;-57.15;-57.24;-49.42;-49.36;-54.10;-53.27;-52.74;-55.73;-58.83;-56.08;-53.62;-55.15;-54.84;-55.34;-50.66;-50.23;-49.35;-53.14;-52.67;-53.39;-50.96;-56.77;-57.33;-52.36;-54.21;-53.09;-51.22;-52.97;-55.01;-54.07;-49.08;-50.39;-54.02;-62.72;-57.69;-53.45;-54.36;-55.01;-54.26
FO;0;4;1;110;35;7.047918;;;H1
FO;0;4;1;110;70.000000;-8.380283;;;H2
FO;0;4;1;110;105.000000;-14.226387;;;H3
FO;0;4;1;110;13.461538;5.367229;;;P1
FO;0;4;1;110;26.923077;12.311476;;;P2
F;0;4;1;105;3.57384;;11.7;
F;0;4;1;106;0.383097;;2.1;
F;0;4;1;107;0.0187358;;2;
F;0;4;1;102;0;;;
F;0;4;1;104;0;;;
F;0;4;1;112;0;;;
F;0;4;1;113;0;;;
R;0;4;1;33;0.231534;;;

V;0;4;0;0;0;0;256;-31.11;-8.53;-4.17;-9.15;-7.83;-13.63;-15.73;-14.84;-19.08;-20.53;-15.08;-17.01;-22.38;-23.47;-23.41;-18.16;-15.23;-18.70;-15.81;-17.36;-14.50;-12.34;-8.22;-6.96;-9.53;-12.63;-0.40;6.03;0.52;-6.86;-6.42;-8.92;-6.28;-6.79;-2.54;-5.64;-5.60;-7.10;-10.24;-9.84;-8.51;-5.70;-3.55;0.86;2.29;-3.42;0.19;-2.58;4.64;5.68;8.00;6.21;-0.32;4.19;9.41;7.92;6.23;3.62;6.97;4.12;3.16;10.53;7.63;2.80;2.29;-2.90;-0.73;-3.59;-8.46;4.94;12.76;8.72;-5.41;0.24;2.87;0.71;-3.01;-4.87;1.08;6.27;2.59;5.46;4.75;-5.04;-5.06;-4.79;-4.65;-5.01;-6.99;-9.48;-6.72;-4.20;-6.76;-5.88;-2.58;-5.81;-5.28;-2.62;-7.00;-11.49;-7.15;-7.47;-3.91;-5.06;-2.54;-3.06;-8.74;-8.34;-5.79;-7.85;-11.36;-7.73;-8.33;-9.68;-10.70;-10.68;-5.59;-8.50;-10.99;-10.15;-11.02;-12.89;-6.40;-6.27;-5.08;-7.25;-8.36;-7.03;-8.46;-6.41;-6.83;-8.84;-11.27;-8.59;-7.02;-10.97;-5.62;-5.25;-6.76;-5.48;3.08;1.74;-6.72;-9.11;-5.24;-8.56;-11.57;-11.62;-9.06;-11.22;-11.08;-9.83;-12.05;-11.79;-13.85;-15.67;-18.21;-17.01;-12.14;-14.21;-12.48;-10.24;-10.58;-13.74;-10.80;-15.01;-16.57;-13.98;-15.45;-19.05;-17.13;-17.08;-12.43;-14.35;-18.56;-18.28;-19.68;-19.45;-22.38;-17.45;-18.04;-19.97;-16.70;-17.03;-20.68;-19.13;-15.91;-15.51;-13.41;-18.28;-17.26;-12.50;-13.86;-16.41;-14.78;-16.90;-17.53;-19.65;-21.11;-22.41;-24.25;-22.83;-25.28;-25.07;-26.33;-20.08;-16.52;-16.24;-17.38;-16.71;-18.67;-20.13;-20.24;-17.89;-20.50;-23.91;-23.29;-22.27;-22.96;-22.89;-24.42;-22.46;-20.16;-18.26;-23.24;-30.74;-26.40;-24.33;-22.69;-21.98;-27.64;-30.28;-22.20;-22.53;-17.83;-17.69;-23.82;-22.16;-21.38;-21.22;-21.62;-24.56;-27.97;-30.24;-26.43;-25.94;-19.94;-19.19;-24.57;-25.09;-24.25;-23.34;-21.29;-19.72;-19.39;-25.07;-23.51;-23.54;-23.98;-24.14;-23.58;-20.24;-19.02;-16.08;-20.03;-25.88;-22.75;-25.15;-21.95;-24.84;-23.86;-20.85;-19.77;-20.12;-22.20;-25.96;-27.33;-26.89;-22.29;-18.75;-21.48;-23.34;-20.47;-20.61;-19.99;-22.41;-23.28;-24.88;-26.69;-21.12;-20.53;-28.15;-30.79;-28.61;-29.65;-31.20;-33.51;-32.18;-32.73;-37.54;-36.10;-33.71;-26.70;-27.43;-31.06;-34.71;-30.61;-31.10;-29.47;-29.64;-29.51;-28.46;-29.87;-33.20;-35.60;-37.49;-35.15;-33.56;-34.62;-37.16;-32.15;-31.59;-31.75;-31.78;-29.64;-31.88;-34.00;-31.28;-30.43;-28.58;-30.16;-33.26;-29.32;-27.01;-32.38;-34.31;-34.75;-37.06;-33.78;-35.50;-31.27;-32.01;-33.85;-32.53;-35.80;-37.38;-32.78;-32.86;-36.57;-33.20;-32.40;-31.25;-34.96;-40.88;-37.06;-33.36;-33.42;-33.85;-40.27;-37.22;-34.93;-33.15;-33.68;-35.50;-36.29;-41.16;-36.91;-37.93;-33.79;-31.42;-33.23;-37.26;-38.97;-33.00;-33.45;-34.47;-37.81;-34.60;-38.15;-38.73;-38.41;-36.96;-40.16;-45.47;-42.43;-34.41;-35.81;-37.04;-36.88;-35.34;-36.27;-38.23;-43.88;-40.55;-36.02;-37.69;-39.80;-39.07;-38.87;-36.25;-37.66;-39.69;-42.97;-35.78;-34.60;-33.56;-34.44;-40.89;-35.74;-33.06;-36.50;-42.01;-42.93;-41.74;-45.57;-39.75;-38.23;-39.74;-41.77;-35.64;-38.39;-40.94;-43.61;-41.29;-43.21;-48.29;-44.89;-45.18;-47.29;-47.49;-48.89;-48.56;-45.92;-45.29;-42.20;-45.53;-50.02;-46.03;-49.55;-40.62;-41.23;-43.55;-47.66;-46.83;-45.70;-48.88;-48.84;-48.00;-50.28;-53.37;-54.80;-48.60;-49.18;-50.03;-50.35;-49.89;-52.70;-50.12;-54.41;-52.43;-50.38;-48.87;-48.82;-44.55;-44.48;-43.60;-47.08;-51.17;-51.15;-48.52;-47.72;-48.18;-50.64;-50.44;-47.28;-47.75;-47.07;-48.57;-49.65;-46.70;-47.51;-44.79;-47.79;-50.73;-48.73;-48.33;-43.84;-47.76;-54.73;-52.25;-50.87;-49.39;-47.42;-50.24;-55.29;-52.69;-49.08;-49.37;-50.08;-54.53;-60.91;-57.33;-56.72;-54.13;-53.64;-54.45;-53.01;-53.32;-50.40;-53.93;-57.82;-57.21


FO;0;4;0;110;35;12.757504;;;H1
FO;0;4;0;110;70.000000;3.077633;;;H2
FO;0;4;0;110;105.000000;-16.240467;;;H3
FO;0;4;0;110;13.461538;6.027626;;;P1
FO;0;4;0;110;26.923077;10.529107;;;P2
F;0;4;0;105;2.97193;;10.9;
F;0;4;0;106;0.388541;;2;
F;0;4;0;107;0.0139625;;1;
F;0;4;0;102;0;;;
F;0;4;0;104;0;;;
F;0;4;0;112;0;;;
F;0;4;0;113;0;;;
M;0;4;3;0;0.216000;;0.500000;
M;0;4;3;1;0.000000;;;
M;0;4;3;2;0.000000;;;
M;0;4;3;3;117.306854;;200.000000;
M;0;4;3;4;9.188723;;16.000000;
M;0;4;3;5;0.000000;;;
M;0;4;3;6;3.291955;;;
M;0;4;3;26;419.174194;;1000.000000;
M;0;4;3;27;14.161492;;;
M;0;4;3;41;3.581010;;;
M;0;4;3;28;0.000000;;;
M;0;4;3;29;3.489040;;;
M;0;4;3;30;8.699445;6.900000;;
M;0;4;3;44;5.210404;;;
M;0;4;3;8;0.000000;;;
M;0;4;3;20;46.798595;;;
M;0;4;3;23;0.000000;;;
M;0;4;3;38;0.751118;;;
M;0;4;3;39;2.536970;;;
M;0;4;3;42;0.070000;;;
M;0;4;3;12;0.112000;;;
M;0;4;3;43;0.034000;;;
V;0;3;1;0;0;0;256;-13.47;-5.07;-5.35;-8.33;-5.01;-10.73;-21.21;-18.91;-17.90;-17.42;-13.49;-17.71;-17.99;-20.86;-19.02;-21.45;-19.87;-25.02;-21.25;-16.78;-17.83;-11.93;-12.11;-17.81;-16.78;-12.57;-15.71;-11.68;-13.69;-13.69;-12.65;-14.08;-14.58;-13.36;-11.22;-8.20;-9.63;-7.53;-7.19;-9.23;-9.50;-12.35;-7.59;0.57;3.45;0.57;3.20;0.85;4.26;8.65;6.32;9.67;11.49;7.16;4.77;3.47;7.11;6.47;3.12;-0.97;-0.82;-1.85;-5.29;-4.76;-7.41;-8.16;-8.63;-12.43;-11.98;-4.04;-3.13;-5.67;-1.95;1.25;-1.25;-2.46;-1.97;-3.58;2.11;5.75;3.49;4.64;5.17;-0.80;-1.25;1.58;-3.99;-1.39;0.38;-8.60;-9.58;-5.00;-9.01;-5.48;-4.31;-8.79;-3.54;-2.38;-7.98;-9.09;-11.75;-7.95;2.24;3.84;-4.24;-9.74;-6.33;-6.09;-7.33;-5.76;-10.44;-10.10;-11.13;-14.59;-11.68;-9.43;-8.98;-12.91;-10.65;-11.04;-15.60;-11.91;-10.67;-9.17;-11.27;-11.58;-9.59;-9.91;-10.38;-10.81;-11.46;-10.18;-12.14;-10.91;-11.93;-11.63;-12.49;-12.71;-16.63;-14.96;-14.44;-13.48;-14.79;-15.76;-14.90;-15.42;-18.03;-19.77;-22.18;-20.87;-13.84;-15.19;-19.36;-19.94;-12.27;-12.74;-13.44;-13.26;-16.34;-16.56;-15.64;-16.46;-21.11;-15.68;-17.72;-20.31;-20.60;-19.71;-18.74;-18.23;-16.80;-22.54;-22.58;-21.14;-18.97;-20.61;-19.00;-17.45;-19.78;-20.86;-21.27;-20.63;-19.83;-19.53;-18.66;-18.37;-25.23;-24.94;-21.68;-23.29;-22.61;-22.38;-22.38;-24.71;-23.81;-22.88;-25.94;-24.56;-23.42;-22.95;-27.92;-20.97;-18.09;-20.91;-17.42;-13.76;-11.22;-15.13;-15.22;-21.79;-21.11;-18.86;-16.35;-18.03;-22.96;-19.19;-19.52;-19.94;-20.30;-21.99;-21.86;-21.47;-23.71;-27.27;-27.43;-28.85;-22.97;-17.18;-21.13;-21.89;-21.13;-22.98;-25.05;-27.61;-22.50;-22.11;-22.75;-25.84;-27.04;-26.75;-23.32;-25.67;-27.13;-23.01;-25.24;-26.03;-27.54;-27.57;-30.04;-32.16;-25.30;-21.96;-20.82;-25.12;-22.25;-16.16;-15.94;-13.56;-16.40;-20.12;-19.78;-19.04;-21.90;-21.98;-22.85;-21.76;-23.07;-21.14;-25.70;-22.67;-20.98;-20.49;-25.76;-25.42;-28.75;-30.49;-28.38;-25.73;-27.90;-26.52;-28.84;-30.63;-30.33;-29.53;-31.16;-33.32;-31.37;-27.26;-30.18;-30.70;-32.88;-34.04;-37.88;-33.12;-33.67;-32.31;-34.35;-34.29;-34.04;-36.12;-35.05;-34.25;-35.68;-36.47;-34.73;-33.04;-29.83;-34.73;-33.57;-32.54;-35.25;-33.15;-36.06;-37.90;-32.06;-33.84;-30.82;-33.45;-38.43;-40.79;-40.89;-34.66;-34.14;-39.74;-41.79;-40.87;-39.59;-40.10;-39.75;-41.14;-41.38;-39.05;-45.64;-41.43;-38.14;-36.96;-40.40;-44.64;-42.44;-36.79;-35.61;-35.74;-34.94;-36.06;-34.35;-39.60;-44.11;-39.17;-38.85;-38.84;-36.16;-38.07;-41.95;-37.30;-36.85;-39.77;-38.97;-40.99;-40.45;-38.43;-40.26;-40.43;-36.11;-36.26;-36.36;-40.24;-42.50;-37.05;-38.70;-35.53;-35.70;-38.86;-37.83;-38.87;-37.32;-35.58;-37.06;-39.22;-37.15;-36.53;-37.06;-36.04;-40.07;-38.23;-36.55;-40.51;-41.93;-36.41;-34.91;-35.50;-36.46;-39.88;-38.14;-35.03;-42.15;-42.45;-37.54;-39.43;-36.32;-39.80;-45.59;-46.31;-42.90;-43.85;-48.41;-46.90;-46.55;-45.51;-45.68;-46.36;-46.12;-47.79;-48.91;-49.62;-50.28;-50.78;-47.66;-48.68;-46.00;-41.05;-43.10;-44.54;-45.17;-47.22;-46.81;-47.44;-50.71;-47.42;-48.00;-46.65;-45.84;-43.08;-45.78;-46.31;-47.44;-48.98;-48.63;-47.28;-49.15;-56.26;-58.43;-46.89;-43.97;-44.55;-46.60;-44.99;-45.16;-50.36;-55.85;-57.23;-51.77;-48.59;-51.75;-52.38;-49.61;-47.60;-49.03;-51.84;-52.03;-52.27;-50.69;-53.41;-47.59;-42.16;-43.23;-44.70;-43.90;-42.68;-46.69;-51.32;-48.59;-46.87;-49.48;-47.69;-49.33;-51.63;-54.71;-51.41;-51.10;-53.78;-53.84;-52.81;-51.43;-52.99;-53.11;-52.55;-55.28;-56.28;-57.91;-54.47;-55.42;-57.07;-53.95;-58.40;-60.66;-59.93;-55.56;-58.87;-62.29;-60.23;-61.35;-62.77;-61.16;-60.01;-58.83;-58.21;-58.02;-57.15;-54.61;-59.94;-60.86;-64.49
FO;0;3;1;110;26;11.486835;;;H1
F;0;3;1;105;2.68558;;6;
F;0;3;1;106;0.361725;;1;
F;0;3;1;107;0.0144237;;0.3;
F;0;3;1;102;0;;;
F;0;3;1;104;0;;;
F;0;3;1;112;0;;;
F;0;3;1;113;0;;;
R;0;3;1;33;0.163791;;;
V;0;3;0;0;0;0;256;-27.31;-11.85;-8.69;-9.50;-7.50;-12.92;-15.86;-16.64;-15.69;-15.76;-10.55;-15.73;-22.51;-25.57;-19.69;-22.78;-24.95;-25.34;-17.79;-10.08;-9.96;-11.90;-8.64;-11.23;-12.57;-11.83;-7.08;-12.01;-12.28;-12.16;-13.60;-13.28;-7.50;-12.19;-9.24;-14.09;-12.82;-10.62;-5.48;-7.55;-10.34;-9.58;-10.90;-9.76;-2.97;-6.15;-8.30;-9.54;-6.76;4.69;13.88;14.13;23.49;21.52;14.32;11.37;4.50;9.80;9.44;4.48;5.67;1.43;6.93;4.92;2.72;1.84;-2.54;-6.73;-6.89;-6.37;-7.59;-9.70;-2.74;-0.62;-3.94;-2.60;2.81;2.85;-2.36;-1.23;-1.54;-4.60;-0.05;0.89;-2.18;0.03;-1.62;-3.32;-0.92;-1.58;-3.64;-5.33;-9.36;-4.78;-1.68;-2.95;-2.85;0.10;-4.72;-13.38;-13.06;-11.34;-8.88;-8.42;-2.10;-2.34;-5.17;-5.37;-5.96;-5.59;-7.97;-6.09;-5.18;-3.84;-4.81;-4.87;-12.51;-8.18;-8.37;-8.46;-6.12;-7.81;-14.33;-5.57;-1.15;-3.36;-4.50;-5.95;-9.35;-10.61;-16.00;-12.79;-7.48;-8.37;-6.75;-4.70;-10.18;-7.95;-10.35;-10.01;-5.36;-3.54;-9.79;-12.48;-11.73;-9.28;-10.27;-9.22;-6.88;-7.34;-13.27;-12.29;-14.38;-10.71;-12.80;-10.72;-11.01;-7.34;-14.18;-18.37;-16.65;-17.33;-18.23;-17.90;-17.09;-18.70;-14.69;-15.36;-15.96;-21.01;-16.82;-16.85;-21.73;-26.11;-20.94;-15.83;-20.90;-23.31;-23.37;-22.66;-18.20;-16.03;-20.10;-24.43;-25.73;-21.32;-19.78;-18.08;-21.24;-27.96;-22.69;-14.07;-15.01;-17.01;-18.44;-18.05;-22.39;-20.16;-19.34;-23.97;-26.20;-26.20;-24.31;-25.82;-25.14;-16.56;-17.44;-21.72;-21.46;-19.10;-21.52;-21.82;-21.44;-21.70;-22.52;-22.34;-24.76;-24.18;-23.24;-21.90;-25.83;-22.38;-23.54;-25.30;-25.29;-26.98;-27.30;-32.24;-29.79;-24.80;-25.91;-31.18;-35.98;-32.79;-30.56;-25.91;-28.39;-28.90;-28.91;-29.00;-30.91;-25.60;-26.83;-24.17;-27.75;-25.95;-23.28;-23.94;-25.17;-30.30;-34.90;-31.80;-32.06;-36.53;-34.73;-28.76;-29.45;-27.43;-24.98;-24.41;-23.35;-16.96;-17.81;-23.82;-25.34;-30.26;-29.65;-24.46;-22.59;-24.12;-25.13;-24.06;-22.29;-18.92;-19.43;-19.71;-19.45;-22.69;-24.34;-20.51;-22.48;-23.04;-23.15;-23.65;-25.14;-20.93;-18.82;-19.53;-18.70;-20.93;-20.45;-25.44;-29.79;-26.31;-27.84;-29.86;-31.50;-29.12;-31.57;-38.90;-40.92;-34.40;-29.93;-36.14;-35.66;-30.12;-28.99;-28.20;-31.11;-28.14;-27.56;-24.57;-26.27;-29.65;-26.18;-22.36;-27.75;-26.53;-28.10;-30.39;-31.10;-22.85;-22.04;-27.78;-27.49;-33.66;-31.68;-27.10;-25.45;-27.66;-31.90;-34.06;-31.68;-32.07;-30.22;-33.33;-33.84;-30.93;-30.61;-33.63;-28.28;-28.39;-29.89;-34.14;-33.28;-34.70;-34.61;-34.59;-38.25;-37.64;-36.01;-37.48;-35.88;-37.08;-39.27;-36.81;-33.67;-36.50;-37.05;-34.29;-35.58;-39.24;-36.21;-36.66;-31.92;-36.38;-37.39;-31.95;-31.73;-37.36;-37.66;-34.21;-31.37;-30.82;-27.15;-28.75;-27.52;-28.23;-25.48;-28.60;-27.76;-29.54;-34.01;-36.25;-31.98;-33.29;-39.31;-42.08;-41.29;-37.04;-37.12;-40.77;-36.91;-38.08;-43.36;-45.25;-41.79;-37.04;-37.71;-38.72;-36.39;-36.47;-37.64;-34.29;-35.45;-34.00;-34.70;-34.56;-36.42;-36.82;-33.70;-33.01;-31.91;-32.44;-30.40;-30.62;-31.37;-33.28;-35.90;-34.46;-37.02;-37.55;-43.05;-44.87;-46.96;-46.42;-43.84;-46.16;-48.02;-53.15;-50.43;-47.18;-43.50;-42.66;-42.16;-46.55;-47.58;-45.76;-42.39;-43.82;-45.36;-43.51;-41.77;-43.12;-46.52;-47.11;-44.98;-46.20;-45.52;-46.60;-49.15;-49.54;-50.47;-48.21;-45.57;-47.64;-48.06;-47.91;-48.01;-45.80;-45.10;-43.36;-47.44;-48.55;-48.11;-47.39;-50.81;-50.86;-48.91;-46.14;-48.89;-47.87;-46.06;-43.84;-42.79;-44.95;-44.31;-44.17;-47.96;-45.50;-42.05;-46.16;-49.24;-44.60;-41.27;-42.28;-44.70;-48.06;-46.67;-48.61;-49.29;-48.34;-49.54;-50.54;-48.52;-49.70;-49.78;-51.15;-56.41;-55.88;-56.39;-57.05;-57.82;-51.92;-48.07;-50.48;-58.49;-55.36;-55.67;-56.00;-54.25;-57.37
FO;0;3;0;110;26;23.489462;;;H1
F;0;3;0;105;2.06891;;6;
F;0;3;0;106;0.384693;;1.4;
F;0;3;0;107;0.0638749;;0.5;
F;0;3;0;102;0;;;
F;0;3;0;104;0;;;
F;0;3;0;112;0;;;
F;0;3;0;113;0;;;
M;0;3;2;0;0.276000;;0.600000;
M;0;3;2;1;0.000000;;;
M;0;3;2;2;0.000000;;;
M;0;3;2;3;202.425797;;280.000000;
M;0;3;2;4;16.971600;;30.000000;
M;0;3;2;5;0.000000;;;
M;0;3;2;6;11.118006;;;
M;0;3;2;26;565.260681;;2000.000000;
M;0;3;2;27;24.645351;;;
M;0;3;2;41;3.323065;;;
M;0;3;2;28;0.000000;;;
M;0;3;2;29;6.726665;;;
M;0;3;2;30;8.977074;7.300000;;
M;0;3;2;44;2.250409;;;
M;0;3;2;8;0.000000;;;
M;0;3;2;20;80.562057;;;
M;0;3;2;23;0.000000;;;
M;0;3;2;38;-3.440829;;;
M;0;3;2;39;3.094484;;;
M;0;3;2;42;0.056000;;;
M;0;3;2;12;0.168000;;;
M;0;3;2;43;0.052000;;;
V;0;2;1;0;0;0;256;-19.36;-10.49;-8.79;-9.59;-6.10;-12.57;-18.54;-17.64;-22.65;-22.23;-16.68;-16.60;-15.67;-14.23;-17.61;-17.56;-15.22;-16.20;-15.89;-13.42;-12.52;-7.86;-9.03;-12.11;-7.03;-5.80;-12.79;-16.53;-12.07;-10.89;-7.98;-3.36;-1.39;6.17;10.07;5.50;0.11;1.05;4.13;0.99;2.18;1.13;2.89;6.32;5.85;5.51;10.02;12.20;12.20;10.84;10.54;10.19;11.87;17.96;20.57;15.39;14.11;16.04;13.09;12.26;11.86;12.79;11.75;5.93;-0.17;0.66;0.85;-1.03;-1.60;-0.77;-2.92;-7.15;-0.95;2.92;5.22;4.97;2.52;5.62;6.76;8.01;6.60;10.75;12.59;10.54;7.16;3.92;8.52;8.42;8.38;5.77;8.87;7.43;3.91;0.66;1.73;3.49;-2.86;-7.80;-8.24;-3.81;1.72;3.94;4.38;0.56;0.04;-3.37;1.14;-2.04;-3.25;-3.79;-10.60;-6.75;-8.59;-7.90;-6.05;-9.61;-2.44;-5.31;-7.09;-6.50;-7.25;-7.56;-4.76;-5.41;-1.39;-5.29;-4.79;-2.59;-1.32;-1.60;-2.19;-1.57;-1.01;-0.66;-0.49;0.48;-0.95;-4.19;-6.00;-4.71;-8.28;-12.21;-8.03;-7.66;-7.70;-7.91;-12.62;-13.03;-18.13;-17.76;-15.32;-17.49;-14.86;-11.58;-13.45;-11.00;-8.87;-8.65;-13.13;-11.38;-12.49;-8.24;-5.65;-8.94;-11.81;-14.67;-10.62;-10.51;-15.07;-11.85;-15.08;-15.03;-16.87;-18.08;-17.57;-20.94;-22.31;-22.25;-18.41;-14.63;-16.58;-16.60;-16.35;-17.69;-17.25;-16.94;-13.89;-10.34;-10.12;-9.26;-9.46;-9.72;-9.22;-11.98;-13.28;-17.25;-15.58;-17.47;-21.02;-13.83;-12.96;-9.73;-8.53;-5.09;-8.08;-11.65;-12.90;-12.28;-14.59;-13.65;-16.33;-12.56;-10.73;-13.67;-16.24;-11.38;-12.14;-14.28;-13.19;-11.59;-12.93;-17.37;-11.41;-6.32;-12.34;-21.03;-16.04;-13.49;-15.25;-14.73;-19.76;-15.75;-16.74;-17.86;-15.56;-17.53;-19.31;-20.53;-21.18;-24.04;-20.40;-17.38;-15.45;-21.26;-18.55;-21.36;-23.00;-17.91;-18.16;-15.51;-17.78;-16.24;-19.07;-20.27;-26.22;-26.44;-18.46;-19.22;-18.98;-17.31;-18.43;-23.62;-21.57;-22.46;-26.71;-26.03;-25.34;-25.26;-27.74;-26.27;-22.35;-21.97;-25.93;-24.95;-25.53;-24.86;-26.73;-24.96;-23.50;-25.08;-23.99;-26.28;-18.95;-18.72;-24.74;-24.31;-24.08;-23.10;-25.64;-26.33;-25.63;-27.86;-32.34;-29.22;-25.18;-22.92;-22.38;-23.14;-21.77;-20.60;-23.37;-21.90;-21.90;-25.48;-21.43;-19.31;-24.76;-27.32;-19.02;-16.43;-20.30;-23.20;-22.90;-22.54;-22.93;-20.22;-21.13;-20.36;-19.19;-18.49;-18.56;-15.09;-18.00;-28.63;-28.86;-23.33;-23.98;-26.70;-28.85;-28.74;-28.62;-25.84;-27.57;-23.81;-26.75;-31.00;-31.03;-31.91;-31.15;-32.32;-33.24;-36.62;-34.31;-33.63;-38.05;-35.50;-34.50;-35.85;-35.50;-33.13;-36.17;-34.07;-31.73;-30.34;-31.61;-36.32;-31.98;-31.72;-32.87;-34.45;-38.41;-35.93;-33.04;-34.54;-33.02;-34.59;-32.44;-34.57;-39.54;-37.41;-33.28;-36.91;-40.96;-37.93;-35.44;-32.93;-35.43;-38.79;-36.79;-38.91;-34.59;-32.17;-32.96;-35.96;-38.65;-39.65;-34.26;-33.69;-34.75;-38.71;-40.05;-39.24;-40.50;-40.45;-38.05;-38.69;-39.77;-37.57;-36.80;-35.40;-36.42;-35.48;-34.44;-34.08;-35.50;-37.35;-41.09;-37.33;-42.38;-45.10;-41.75;-40.53;-38.07;-38.01;-39.21;-37.08;-37.17;-36.50;-39.38;-37.90;-40.15;-37.25;-40.25;-38.96;-40.34;-44.77;-41.66;-38.62;-39.65;-39.02;-40.09;-42.24;-41.13;-39.08;-44.89;-40.13;-37.78;-40.85;-46.53;-43.29;-46.21;-45.16;-44.30;-40.45;-39.76;-41.11;-38.67;-42.95;-44.83;-45.27;-42.38;-36.25;-38.84;-42.16;-41.66;-43.18;-44.58;-39.51;-37.66;-45.22;-43.55;-45.98;-42.93;-44.61;-47.56;-44.16;-42.99;-47.25;-45.39;-44.12;-40.00;-40.51;-44.32;-41.66;-43.62;-47.76;-50.73;-46.12;-47.77;-48.20;-44.25;-45.88;-49.09;-46.63;-46.92;-43.04;-45.18;-43.77;-49.46;-53.04;-57.75;-50.90;-48.57;-49.55;-52.02;-52.17;-55.78;-55.91;-50.54;-50.52;-47.93;-44.45;-49.36;-54.85;-48.66;-47.27;-43.94;-45.01;-46.62;-49.05;-48.90;-47.54
FO;0;2;1;110;17;10.065527;;;H1
F;0;2;1;105;2.93805;;10;
F;0;2;1;106;0.910498;;2;
F;0;2;1;107;0.0519928;;0.4;
F;0;2;1;102;0;;;
F;0;2;1;104;0;;;
F;0;2;1;112;0;;;
F;0;2;1;113;0;;;
R;0;2;1;33;0.107218;;;
V;0;2;0;0;0;0;256;-31.64;-13.42;-7.67;-12.82;-14.36;-16.94;-14.38;-18.53;-24.55;-19.89;-18.18;-19.59;-15.97;-14.41;-16.58;-18.42;-19.62;-19.39;-17.06;-19.52;-16.38;-13.87;-9.83;-12.26;-9.54;-9.67;-10.90;-11.64;-12.02;-8.66;-10.76;-12.26;-5.67;-0.83;8.81;6.54;-8.39;-8.13;-3.19;-2.85;-1.65;-3.38;-2.52;-3.39;-0.22;-0.79;2.23;5.58;5.39;3.13;7.95;9.43;8.31;9.56;13.65;12.16;8.23;11.85;10.65;8.74;3.26;2.62;3.30;4.53;0.09;3.26;0.37;1.31;13.41;13.40;2.02;-1.28;-3.64;-1.25;-1.52;2.11;4.47;3.66;-4.57;-1.76;3.45;3.53;5.39;1.47;-5.10;-0.54;1.56;1.33;0.07;-1.13;2.75;1.08;-4.71;-0.22;-1.08;0.94;1.48;2.11;1.10;-2.30;-1.93;-4.58;0.69;6.61;2.66;0.77;-2.46;-3.56;-5.99;-8.23;-6.62;-2.96;-7.09;-8.38;-9.33;-7.44;-9.97;-10.20;-8.02;-7.61;-5.17;-3.41;-7.94;-7.28;-10.89;-11.45;-5.72;-5.27;-8.58;-9.79;-10.82;-10.59;-7.80;-10.32;-8.46;-4.73;-7.49;-9.96;-8.30;-4.16;-7.86;-12.38;-8.02;-7.75;-12.85;-9.58;-9.95;-11.38;-12.58;-18.04;-20.49;-16.48;-11.29;-14.00;-12.60;-13.14;-16.29;-13.50;-17.22;-22.30;-19.41;-20.02;-18.48;-18.63;-20.61;-19.13;-17.44;-16.19;-12.98;-15.61;-19.49;-16.05;-18.33;-23.12;-19.03;-13.93;-16.45;-15.80;-12.64;-13.94;-18.23;-16.20;-20.20;-19.02;-17.44;-23.73;-20.41;-19.45;-16.17;-16.08;-17.07;-19.70;-21.02;-19.49;-20.91;-18.74;-18.04;-14.82;-15.05;-16.35;-16.94;-15.29;-15.78;-20.16;-19.20;-16.12;-18.46;-20.71;-23.03;-29.69;-21.81;-20.85;-18.85;-15.50;-20.93;-24.50;-25.06;-27.02;-28.92;-28.25;-27.52;-31.20;-27.25;-23.74;-22.25;-26.36;-26.57;-26.13;-24.39;-26.56;-30.46;-33.28;-37.02;-26.53;-23.68;-20.56;-26.15;-26.74;-26.90;-21.21;-22.03;-26.50;-27.93;-24.78;-23.02;-26.95;-26.50;-27.49;-26.19;-25.96;-26.50;-26.71;-27.59;-27.04;-32.86;-30.19;-27.84;-32.00;-28.43;-32.41;-35.37;-29.70;-24.46;-26.19;-31.85;-32.02;-32.45;-30.46;-30.93;-32.74;-31.08;-26.83;-26.80;-25.94;-20.17;-24.93;-25.22;-26.06;-26.48;-24.57;-25.27;-21.33;-24.85;-30.20;-26.03;-26.38;-28.30;-25.74;-23.97;-23.66;-23.52;-25.74;-27.31;-29.62;-27.54;-31.43;-33.38;-31.57;-27.77;-29.00;-29.68;-27.18;-27.79;-28.90;-27.84;-28.37;-29.14;-28.36;-32.72;-31.10;-26.65;-27.33;-31.92;-32.45;-27.54;-29.93;-27.92;-29.42;-31.11;-30.07;-29.78;-33.28;-32.91;-31.29;-26.37;-24.49;-27.87;-28.23;-27.67;-27.84;-31.44;-36.54;-39.71;-36.27;-29.90;-30.50;-39.84;-36.00;-33.24;-36.28;-33.03;-30.57;-30.65;-33.17;-35.82;-36.91;-36.13;-41.97;-40.60;-39.46;-34.79;-34.56;-37.11;-35.80;-35.57;-37.26;-38.94;-35.42;-33.46;-38.45;-38.90;-36.72;-39.61;-42.47;-39.19;-37.39;-39.96;-37.88;-38.45;-38.53;-34.92;-30.92;-37.33;-40.08;-43.18;-41.07;-34.81;-35.57;-42.80;-39.33;-35.31;-30.72;-34.81;-32.45;-38.04;-38.91;-37.76;-36.89;-39.13;-44.55;-42.67;-37.84;-38.16;-39.18;-41.93;-38.60;-40.65;-41.40;-40.04;-40.17;-37.73;-40.73;-48.19;-46.61;-42.07;-36.58;-36.71;-40.57;-38.53;-35.95;-37.61;-34.72;-34.59;-36.54;-36.63;-39.75;-41.93;-39.34;-38.99;-43.38;-44.89;-44.53;-42.81;-47.65;-45.76;-45.89;-44.72;-47.80;-49.40;-48.10;-48.27;-49.19;-51.90;-49.02;-49.70;-43.61;-43.03;-46.51;-43.20;-39.48;-41.71;-42.10;-43.39;-51.15;-48.87;-48.43;-48.88;-44.10;-44.55;-45.57;-46.37;-47.82;-46.71;-48.59;-51.58;-52.52;-47.58;-45.53;-49.40;-51.71;-46.30;-45.55;-47.97;-49.00;-49.01;-49.07;-49.54;-49.23;-48.73;-49.27;-47.04;-46.06;-47.49;-50.49;-46.04;-46.33;-43.31;-42.66;-46.64;-44.08;-44.34;-43.00;-43.83;-50.58;-46.51;-44.66;-49.77;-50.27;-49.68;-54.44;-52.65;-53.53;-53.24;-57.56;-53.93;-52.48;-49.95;-47.32;-50.59;-50.95;-48.74;-49.21;-48.81;-49.34;-51.59;-51.45;-52.20;-56.89;-53.12;-51.76;-48.74;-52.65
FO;0;2;0;110;17;8.808417;;;H1
F;0;2;0;105;2.99502;;10;
F;0;2;0;106;0.533852;;2.2;
F;0;2;0;107;0.021017;;0.4;
F;0;2;0;102;0;;;
F;0;2;0;104;0;;;
F;0;2;0;112;0;;;
F;0;2;0;113;0;;;
M;0;2;1;0;0.334000;;0.500000;
M;0;2;1;1;207.665817;;;
M;0;2;1;2;9.107836;;;
M;0;2;1;3;228.378387;;300.000000;
M;0;2;1;4;28.402437;;40.000000;
M;0;2;1;5;0.909306;;;
M;0;2;1;6;5.222580;;;
M;0;2;1;26;-517.873108;;1000.000000;
M;0;2;1;27;49.501125;;;
M;0;2;1;41;2.991700;;;
M;0;2;1;28;0.000000;;;
M;0;2;1;29;8.215962;;;
M;0;2;1;30;9.224895;8.000000;;
M;0;2;1;44;1.008933;;;
M;0;2;1;8;0.320671;;;
M;0;2;1;20;57.714340;;;
M;0;2;1;23;0.000000;;;
M;0;2;1;38;3.600807;;;
M;0;2;1;39;3.706812;;;
M;0;2;1;42;0.134000;;;
M;0;2;1;12;0.162000;;;
M;0;2;1;43;0.038000;;;
V;0;1;1;0;0;0;256;-25.27;-13.47;-5.44;-5.13;-4.67;-7.85;-6.23;-9.24;-8.28;-6.54;-13.23;-13.58;-14.77;-22.22;-22.20;-16.53;-11.34;-10.58;-8.43;-7.23;-9.27;-7.13;0.26;3.28;-1.72;-7.20;-1.68;3.80;0.77;-5.95;-6.30;-4.59;-5.88;-3.77;-5.25;-1.45;1.15;1.17;0.07;-4.74;-5.12;1.07;-0.75;-1.39;1.23;10.63;9.84;10.68;11.34;9.97;8.71;5.08;9.86;14.82;11.23;4.76;6.59;5.26;5.48;1.24;-2.64;1.33;-3.02;0.09;0.70;-0.84;-5.48;-3.96;3.16;2.07;-1.46;2.70;4.33;6.40;8.16;5.80;5.15;6.68;7.35;8.61;9.24;10.45;11.25;9.99;3.91;9.25;10.18;12.18;9.96;4.70;-0.61;3.07;2.12;-1.39;-1.44;-2.45;-1.64;-0.41;-3.64;-2.98;-1.72;-4.29;-6.91;-12.04;-10.21;-5.17;-3.25;-9.86;-6.36;-5.47;-3.39;-6.57;-4.38;-4.96;-5.18;-7.12;-7.80;-9.33;-5.67;-6.68;-7.02;-8.80;-10.69;-7.42;-11.00;-7.57;-7.64;-12.29;-12.55;-7.07;-8.36;-5.38;-7.43;-7.51;-9.50;-7.49;-10.11;-10.81;-12.38;-12.08;-12.59;-12.02;-5.55;-5.24;-6.79;-8.91;-9.55;-10.58;-9.14;-7.05;-11.93;-10.63;-8.50;-10.42;-14.19;-13.79;-12.70;-14.27;-9.12;-9.34;-15.36;-16.28;-14.38;-14.88;-12.58;-15.33;-16.35;-14.07;-13.76;-12.54;-15.33;-15.91;-17.59;-19.72;-15.63;-17.05;-13.69;-16.10;-14.43;-14.10;-15.21;-14.47;-14.28;-19.29;-19.45;-15.75;-13.74;-15.74;-16.74;-11.72;-14.24;-25.35;-22.82;-23.96;-22.95;-25.87;-20.23;-20.55;-22.13;-17.62;-16.98;-19.31;-19.10;-21.15;-19.60;-17.88;-19.53;-17.45;-18.06;-16.33;-18.37;-20.29;-19.38;-17.22;-14.28;-14.82;-18.42;-21.30;-21.32;-22.34;-17.66;-16.47;-23.98;-15.69;-13.64;-15.74;-19.74;-18.92;-21.25;-18.06;-18.48;-18.89;-17.83;-16.50;-18.05;-22.02;-22.71;-20.79;-18.89;-19.50;-24.48;-23.32;-22.00;-23.91;-21.43;-24.76;-26.73;-23.45;-23.62;-26.87;-25.69;-23.94;-22.34;-22.89;-28.31;-27.10;-23.92;-20.65;-23.89;-25.66;-25.31;-22.06;-23.96;-23.94;-22.63;-27.89;-33.40;-31.08;-28.55;-30.51;-28.48;-26.46;-25.61;-28.72;-30.79;-28.09;-27.47;-30.63;-28.14;-24.31;-23.78;-29.31;-26.79;-25.46;-27.69;-30.05;-24.23;-23.53;-21.96;-23.49;-27.50;-29.19;-28.34;-30.77;-25.29;-25.86;-26.17;-26.50;-26.94;-36.11;-29.61;-26.29;-28.91;-25.90;-24.32;-22.14;-22.43;-23.61;-23.35;-26.38;-24.80;-21.66;-23.13;-22.60;-24.91;-26.53;-25.49;-27.30;-25.46;-26.46;-27.33;-31.78;-29.00;-31.85;-33.17;-31.60;-27.59;-30.23;-32.73;-30.08;-30.76;-32.36;-38.04;-35.02;-31.56;-32.99;-37.00;-35.14;-34.12;-34.63;-38.55;-38.02;-38.57;-37.71;-39.40;-34.45;-38.27;-42.93;-44.73;-41.93;-40.47;-37.51;-38.03;-43.07;-36.42;-34.27;-29.62;-30.34;-36.13;-34.82;-36.98;-38.53;-36.93;-34.98;-36.89;-37.79;-37.01;-37.41;-36.06;-32.35;-36.49;-34.25;-31.94;-34.35;-37.27;-37.37;-41.60;-35.38;-35.98;-39.35;-37.30;-33.51;-32.22;-34.07;-36.12;-38.72;-36.39;-37.47;-37.75;-34.18;-34.72;-36.87;-38.14;-37.19;-37.43;-34.68;-35.11;-36.87;-39.35;-39.18;-42.33;-43.20;-47.74;-47.29;-41.97;-43.49;-44.01;-43.79;-43.45;-41.30;-41.08;-40.51;-44.03;-47.34;-47.12;-44.41;-40.82;-42.17;-44.48;-40.92;-42.13;-41.52;-44.19;-43.46;-44.85;-46.28;-43.62;-47.16;-42.74;-42.45;-48.69;-50.69;-48.27;-47.54;-48.95;-51.15;-50.35;-49.44;-46.74;-46.69;-42.73;-44.41;-45.91;-46.39;-47.97;-48.87;-50.94;-44.11;-42.00;-46.11;-49.74;-48.56;-45.13;-42.58;-42.49;-42.44;-43.68;-45.33;-49.28;-44.49;-45.91;-51.50;-49.44;-45.79;-44.59;-46.55;-47.77;-48.84;-49.53;-54.56;-59.99;-50.89;-48.64;-51.78;-45.75;-48.22;-55.16;-56.69;-56.94;-50.48;-49.08;-47.99;-47.83;-49.43;-51.26;-51.76;-51.87;-56.01;-56.67;-51.49;-49.62;-49.79;-47.94;-51.32;-51.80;-47.09;-50.59;-52.87;-52.62;-55.10;-54.16;-57.23;-58.55;-53.64;-54.65;-61.98;-60.31;-56.85;-59.91;-57.10;-59.40;-58.54
F;0;1;1;105;3.81084;;25;
F;0;1;1;106;0.605409;;1.2;
F;0;1;1;107;0.025532;;0.1;
F;0;1;1;102;0;;;
F;0;1;1;104;0;;;
F;0;1;1;112;0;;;
F;0;1;1;113;0;;;
R;0;1;1;33;0.0629124;;;
V;0;1;0;0;0;0;256;-30.21;-15.99;-10.76;-14.73;-11.94;-16.25;-11.40;-13.68;-15.39;-18.49;-21.83;-21.69;-24.77;-28.23;-26.87;-22.89;-18.78;-15.37;-17.62;-18.48;-13.09;-1.63;2.09;-1.23;1.23;-5.48;-12.52;-15.12;-14.79;-6.62;-5.89;-12.45;-10.71;-11.62;-12.40;-10.16;-12.28;-12.80;-11.72;-7.41;-8.07;-4.81;-5.55;-2.83;2.73;-1.17;-2.75;-4.13;-2.28;-0.39;3.02;1.97;7.42;8.75;7.01;9.74;12.28;7.35;5.44;5.17;6.36;1.74;5.51;4.50;0.58;4.24;2.61;-6.40;-5.01;-9.52;-8.84;-6.69;-6.79;-7.55;-10.66;-6.52;1.96;0.45;-0.50;5.79;2.57;-1.76;-5.03;-2.63;1.10;-0.34;-1.04;7.07;4.77;1.38;3.72;5.11;0.65;-1.31;0.20;-2.79;-4.58;-2.25;-4.59;-7.94;-9.77;-11.25;-6.19;-5.33;-9.95;-9.20;-9.18;-12.50;-12.30;-5.34;-6.44;-10.17;-12.38;-15.44;-12.66;-7.91;-9.10;-16.94;-19.02;-14.87;-13.72;-17.77;-22.86;-19.22;-18.37;-13.37;-12.41;-9.54;-12.40;-15.50;-13.80;-12.53;-13.57;-17.58;-18.02;-13.59;-12.04;-14.59;-16.31;-11.33;-14.15;-17.29;-16.05;-12.80;-14.30;-15.33;-17.48;-18.93;-20.17;-19.78;-19.31;-23.17;-25.83;-18.56;-16.72;-19.37;-20.31;-20.61;-21.82;-17.88;-18.51;-16.94;-19.15;-20.61;-18.40;-19.15;-18.87;-19.70;-17.04;-15.59;-17.60;-22.50;-23.23;-17.35;-17.81;-15.38;-14.99;-11.57;-14.55;-19.91;-22.47;-17.01;-18.46;-17.85;-19.07;-17.22;-20.29;-27.68;-22.11;-20.78;-26.50;-24.95;-24.34;-24.02;-23.40;-22.65;-23.59;-23.77;-24.49;-28.56;-27.58;-23.96;-27.71;-32.71;-32.92;-32.52;-30.31;-34.97;-35.45;-34.27;-33.15;-29.69;-36.69;-38.23;-37.20;-33.86;-33.34;-34.38;-36.95;-34.64;-34.20;-31.44;-32.50;-36.64;-36.86;-35.87;-37.01;-34.83;-34.51;-35.08;-35.50;-38.12;-36.54;-36.94;-39.74;-41.41;-39.91;-36.01;-33.28;-30.48;-34.25;-37.00;-41.01;-45.85;-41.36;-40.11;-38.27;-36.43;-37.64;-36.77;-34.03;-32.80;-39.14;-36.05;-36.38;-33.73;-38.98;-37.88;-34.83;-34.93;-32.24;-37.90;-32.96;-34.08;-34.97;-35.00;-34.76;-38.70;-35.41;-39.37;-42.00;-33.86;-32.63;-39.20;-36.94;-37.51;-35.46;-32.43;-32.04;-34.30;-34.14;-34.07;-33.75;-31.65;-29.72;-31.61;-30.34;-34.59;-35.30;-34.99;-37.73;-43.59;-43.31;-41.35;-39.16;-35.56;-40.37;-41.67;-39.12;-37.34;-38.29;-43.01;-40.45;-38.05;-36.48;-36.49;-37.10;-40.43;-40.58;-41.44;-41.77;-36.54;-33.21;-33.34;-34.85;-37.06;-35.10;-36.33;-38.54;-39.43;-40.64;-40.88;-42.34;-35.47;-32.19;-34.86;-33.34;-34.34;-36.94;-35.36;-38.16;-36.71;-36.38;-37.94;-39.53;-39.25;-39.55;-37.40;-38.31;-40.55;-37.61;-38.24;-34.98;-36.23;-44.65;-42.73;-41.66;-40.32;-35.32;-35.75;-41.48;-38.40;-42.44;-42.71;-40.01;-39.09;-38.65;-40.12;-43.10;-44.45;-44.48;-47.00;-51.45;-51.13;-50.23;-51.68;-46.54;-45.53;-45.50;-47.65;-48.16;-40.50;-35.35;-37.86;-36.16;-36.88;-45.26;-43.29;-40.11;-39.46;-44.01;-42.18;-40.08;-45.08;-43.93;-43.35;-42.99;-45.61;-51.47;-49.82;-48.53;-46.20;-45.95;-47.02;-45.70;-45.48;-41.89;-40.47;-41.88;-42.64;-41.97;-39.61;-44.60;-40.92;-37.59;-42.24;-39.19;-39.58;-41.10;-42.23;-40.86;-47.64;-46.26;-43.69;-44.05;-46.28;-44.44;-43.84;-43.63;-44.93;-47.76;-47.53;-47.74;-45.27;-47.56;-49.76;-49.99;-47.39;-45.97;-44.94;-44.64;-43.03;-40.14;-43.50;-40.06;-44.41;-52.24;-48.28;-44.76;-46.05;-44.43;-46.79;-44.30;-46.71;-51.51;-50.23;-47.98;-48.66;-50.86;-49.80;-43.69;-46.99;-46.88;-47.31;-48.73;-48.42;-48.79;-47.45;-46.89;-49.26;-50.72;-50.08;-50.36;-47.70;-47.13;-49.30;-47.91;-46.92;-47.38;-45.92;-44.01;-46.56;-45.71;-46.67;-46.65;-45.96;-48.18;-47.75;-47.26;-43.14;-40.69;-43.72;-43.03;-42.43;-43.78;-49.63;-54.69;-47.66;-44.61;-47.94;-50.29;-54.67;-54.71;-52.58;-55.34;-56.32;-56.05;-59.54;-59.57;-53.04;-52.05;-56.20;-56.89;-55.00;-60.27;-51.44;-49.90;-54.52;-50.73;-53.26;-51.65;-51.69
F;0;1;0;105;3.28505;;;
F;0;1;0;106;0.427135;;;
F;0;1;0;107;0.0078423;;;
F;0;1;0;102;0;;;
F;0;1;0;104;0;;;
F;0;1;0;112;0;;;
F;0;1;0;113;0;;;
M;0;0;7;0;0.266000;;0.700000;
M;0;0;7;1;0.000000;;;
M;0;0;7;2;0.000000;;;
M;0;0;7;3;153.505127;;250.000000;
M;0;0;7;4;4.911298;;30.000000;
M;0;0;7;5;0.000000;;;
M;0;0;7;6;7.827909;;;
M;0;0;7;26;524.242188;;1000.000000;
M;0;0;7;27;7.009423;;;
M;0;0;7;41;6.796582;;;
M;0;0;7;28;0.000000;;;
M;0;0;7;29;6.536062;;;
M;0;0;7;30;10.392316;3.000000;;
M;0;0;7;44;3.856254;;;
M;0;0;7;8;0.000000;;;
M;0;0;7;20;0.000000;;;
M;0;0;7;23;23.089220;;;
M;0;0;7;38;0.000000;;;
M;0;0;7;39;0.000000;;;
M;0;0;7;42;0.020000;;;
M;0;0;7;12;0.246000;;;
M;0;0;7;43;0.000000;;;
V;0;7;1;0;0;0;256;-25.84;-13.01;-11.51;-11.73;-16.81;-20.01;-21.10;-18.61;-16.96;-24.73;-24.93;-22.77;-21.55;-18.93;-18.14;-17.90;-25.14;-22.26;-18.96;-19.76;-18.64;-16.02;-8.78;-5.88;-13.03;-18.52;-21.06;-22.35;-16.54;-11.30;-15.29;-14.62;-15.54;-13.23;-10.33;-10.24;-11.09;-14.59;-14.81;-13.65;-7.44;-8.86;-14.92;-12.81;-9.18;-5.10;-0.26;-3.60;-8.03;-10.80;-8.03;-5.01;-5.04;-1.17;-4.63;-3.97;-4.47;-6.28;-4.84;-2.80;-3.06;-3.04;-0.92;-2.38;0.18;2.85;2.38;-1.14;4.03;8.47;4.83;5.56;1.47;2.12;5.31;4.90;8.28;4.74;7.32;7.50;6.05;0.55;1.19;6.11;6.54;5.32;4.76;3.13;-1.56;-4.64;0.20;2.46;4.80;2.41;-2.73;-3.72;-6.90;-4.31;-10.23;-10.33;-7.44;-10.34;-11.09;-11.86;-12.38;-12.10;-9.41;-4.68;-6.34;-7.61;-1.72;-1.07;-0.28;2.22;6.47;2.71;1.50;2.96;0.87;2.62;1.07;-0.51;1.63;-2.28;-4.88;0.00;-0.17;1.88;0.41;0.91;-5.10;-5.94;-7.06;-2.71;3.12;1.92;-1.84;-4.46;-8.10;-5.95;-2.77;-6.79;-5.07;-5.17;-3.78;-4.11;-7.66;-5.61;-6.72;-7.33;-6.65;-8.68;-8.22;-13.37;-14.90;-15.90;-13.68;-8.08;-6.26;-7.11;-6.90;-6.62;-8.00;-6.83;-8.45;-13.68;-14.53;-15.26;-13.33;-11.64;-12.64;-9.82;-11.72;-11.68;-10.52;-11.91;-10.39;-10.27;-12.05;-10.34;-9.43;-11.23;-15.58;-11.45;-12.45;-7.64;-6.83;-8.92;-8.24;-7.30;-7.74;-9.37;-11.28;-13.54;-14.02;-11.86;-10.87;-11.84;-10.62;-12.49;-11.60;-13.80;-13.97;-16.13;-15.43;-14.07;-15.29;-15.85;-11.68;-9.61;-16.60;-16.97;-12.31;-14.44;-20.10;-18.69;-15.58;-14.52;-15.70;-10.92;-11.27;-13.72;-14.32;-10.46;-11.87;-14.03;-12.87;-19.26;-15.95;-15.19;-16.31;-14.07;-12.96;-18.07;-20.52;-19.92;-18.84;-15.29;-16.91;-13.43;-15.56;-20.95;-14.38;-16.82;-21.00;-22.61;-25.97;-19.19;-16.04;-18.09;-20.05;-20.42;-20.57;-19.10;-15.08;-13.75;-12.68;-13.32;-10.84;-13.10;-14.53;-12.08;-15.49;-23.83;-23.70;-24.12;-25.20;-23.37;-22.84;-27.74;-24.24;-21.73;-22.76;-27.50;-16.90;-16.51;-20.70;-13.19;-11.89;-14.64;-15.92;-19.88;-18.59;-20.51;-21.88;-22.69;-22.18;-23.97;-21.26;-24.62;-27.45;-27.57;-23.63;-22.22;-23.25;-22.63;-19.15;-21.07;-21.90;-23.25;-23.17;-28.25;-24.16;-20.64;-24.09;-26.39;-27.53;-29.47;-27.94;-25.09;-23.33;-22.66;-21.44;-22.13;-22.95;-22.78;-21.56;-20.21;-18.86;-23.58;-25.61;-27.10;-26.30;-24.57;-19.93;-18.63;-21.82;-24.22;-23.12;-26.12;-21.87;-21.50;-24.51;-28.62;-26.99;-25.98;-27.42;-23.28;-18.81;-19.94;-26.86;-25.73;-29.82;-26.80;-24.11;-28.51;-28.70;-28.94;-34.64;-33.28;-26.28;-28.68;-34.22;-30.00;-27.16;-22.99;-25.71;-21.76;-16.99;-17.70;-20.64;-27.09;-29.91;-30.99;-27.74;-27.73;-34.04;-32.26;-29.44;-30.65;-30.25;-24.60;-21.45;-25.17;-28.44;-25.55;-25.96;-30.47;-27.65;-31.04;-30.46;-27.15;-30.07;-31.14;-38.68;-32.75;-29.50;-32.77;-30.92;-31.99;-28.31;-26.89;-26.35;-29.86;-24.94;-21.16;-24.61;-24.08;-24.30;-28.28;-28.74;-29.01;-31.46;-33.01;-32.35;-32.52;-32.83;-33.49;-29.76;-28.62;-27.16;-27.48;-28.78;-27.93;-26.46;-24.44;-25.20;-26.42;-31.81;-33.59;-30.49;-30.98;-33.08;-32.26;-31.05;-33.27;-35.68;-32.80;-30.13;-32.82;-37.61;-30.92;-29.00;-28.90;-25.80;-28.21;-34.32;-32.57;-28.37;-32.70;-31.58;-31.22;-31.05;-32.41;-33.04;-33.13;-28.95;-27.49;-28.04;-29.94;-26.98;-27.59;-32.18;-34.99;-31.53;-31.45;-32.26;-26.61;-28.98;-34.68;-32.71;-31.71;-32.59;-33.46;-32.94;-34.07;-35.75;-33.87;-36.26;-38.34;-37.18;-35.08;-33.74;-33.45;-33.94;-35.95;-32.31;-32.59;-32.53;-32.44;-33.61;-36.11;-37.23;-33.18;-33.21;-36.98;-36.30;-39.59;-39.99;-41.55;-41.70;-42.96;-41.13;-40.53;-40.77;-34.91;-35.75;-43.01;-41.87;-40.86;-44.44;-45.77;-45.26;-41.75;-42.78;-42.25;-45.21;-51.10;-50.64;-52.60;-54.52;-47.19
F;0;7;1;105;4.1019;;10;
F;0;7;1;106;0.430731;;0.7;
F;0;7;1;107;0.00612256;;0.1;
F;0;7;1;102;0;;;
F;0;7;1;104;0;;;
F;0;7;1;112;0;;;
F;0;7;1;113;0;;;
R;0;7;1;33;0.0641546;;;
#r0 = rampa, 100 = valor maximo, 101 = medio

RO;0;2;1;100;17;9.298667;;;H1
RO;0;2;1;101;17.000000;13.882412;;19.000000;H1
RO;0;2;0;100;17;10.202830;;;H1
RO;0;2;0;101;17.000000;16.136631;;22.000000;H1
RO;0;3;1;100;26;18.918726;;;H1
RO;0;3;1;101;26.000000;9.779257;;15.000000;H1
RO;0;3;0;100;26;22.170496;;;H1
RO;0;3;0;101;26.000000;12.954573;;16.000000;H1
RO;0;4;1;100;35;25.134178;;;H1
RO;0;4;1;101;35.000000;7.683388;;18.000000;H1
RO;0;4;1;100;70.000000;19.784405;;;H2
RO;0;4;1;101;70.000000;-17.675138;;;H2
RO;0;4;1;100;105.000000;7.703939;;;H3
RO;0;4;1;101;105.000000;-32.506172;;;H3
RO;0;4;1;100;13.461538;14.621856;;;P1
RO;0;4;1;101;13.461538;12.641420;;;P1
RO;0;4;1;100;26.923077;15.947689;;;P2
RO;0;4;1;101;26.923077;4.691538;;;P2
RO;0;4;0;100;35;21.842978;;;H1
RO;0;4;0;101;35.000000;8.637909;;18.000000;H1
RO;0;4;0;100;70.000000;10.178069;;;H2
RO;0;4;0;101;70.000000;-15.489180;;;H2
RO;0;4;0;100;105.000000;1.735058;;;H3
RO;0;4;0;101;105.000000;-36.360390;;;H3
RO;0;4;0;100;13.461538;13.143690;;;P1
RO;0;4;0;101;13.461538;11.242327;;;P1
RO;0;4;0;100;26.923077;12.116531;;;P2
RO;0;4;0;101;26.923077;4.736902;;;P2
RO;0;5;1;100;41;24.730568;;;H1
RO;0;5;1;101;41.000000;6.820757;;18.000000;H1
RO;0;5;1;100;17.571428;26.987362;;;P1
RO;0;5;1;101;17.571428;14.518906;;;P1
RO;0;5;0;100;41;24.207672;;;H1
RO;0;5;0;101;41.000000;9.363894;;18.000000;H1
RO;0;5;0;100;17.571428;25.596844;;;P1
RO;0;5;0;101;17.571428;13.252457;;;P1
RO;0;6;1;100;43;28.881172;;;H1
RO;0;6;1;101;43.000000;13.018600;;18.000000;H1
RO;0;6;1;100;86.000000;18.373049;;;H2
RO;0;6;1;101;86.000000;-18.247803;;;H2
RO;0;6;1;100;129.000000;-0.329350;;;H3
RO;0;6;1;101;129.000000;-36.440147;;;H3
RO;0;6;1;100;22.241379;30.389755;;;P1
RO;0;6;1;101;22.241379;20.757654;;28.000000;P1
RO;0;6;1;100;44.482758;28.881172;;;P2
RO;0;6;1;101;44.482758;12.429668;;;P2
RO;0;6;0;100;43;30.498625;;;H1
RO;0;6;0;101;43.000000;16.252831;;18.000000;H1
RO;0;6;0;100;86.000000;7.136031;;;H2
RO;0;6;0;101;86.000000;-21.941193;;;H2
RO;0;6;0;100;129.000000;-6.171097;;;H3
RO;0;6;0;101;129.000000;-37.833366;;;H3
RO;0;6;0;100;22.241379;28.847475;;;P1
RO;0;6;0;101;22.241379;15.010424;;25.000000;P1
RO;0;6;0;100;44.482758;30.498625;;;P2
RO;0;6;0;101;44.482758;15.663898;;;P2
#tempo de ciclo, entre caixas
C;0;34;209.25;;;
#tempo de ensaio, tempo dentro do banco
C;0;35;190.56;;;
